FID	IID	AGE	SEX	ASTHMA	T2D	BMI	WAIST	HIP
1000516	1000516	46	2	1	1	20.6489	76	87
1002888	1002888	68	2	1	1	25.0142	94	96
1006972	1006972	51	2	1	1	32.6235	111	110
1014688	1014688	49	2	1	1	27.4902	92	100
1017209	1017209	67	1	1	1	31.5188	94	114
1026242	1026242	63	1	1	1	36.8052	106	117
1028776	1028776	47	2	1	1	34.1712	119	111
1032863	1032863	49	1	1	1	37.6691	107	112
1035713	1035713	55	1	1	1	47.1979	124	134
1040121	1040121	66	1	1	1	33.0375	105	108
1049979	1049979	68	2	1	1	25.3076	90	91
1050929	1050929	57	1	1	1	36.1869	109	122
1054268	1054268	66	1	1	1	48.8864	133	150
1059198	1059198	43	2	1	1	44.8466	136	123
1062012	1062012	65	1	1	1	25.7851	91	108
1062279	1062279	67	2	1	1	25.8799	105	102
1064071	1064071	68	1	1	1	32.7218	107	128
1066491	1066491	69	1	1	1	24.2907	96	113
1069139	1069139	59	2	1	1	25.0694	92	100
1073972	1073972	53	1	1	1	41.4216	118	131
1076423	1076423	47	1	1	1	35.7759	107	116
1080111	1080111	61	2	1	1	28.3037	98	103
1084060	1084060	54	2	1	1	19.7975	78	85
1084819	1084819	63	2	1	1	29.8457	109	110
1091922	1091922	62	2	1	1	33.8014	116	115
1094728	1094728	61	1	1	1	37.8041	108	120
1104289	1104289	60	2	1	1	32.6032	112	109
1104314	1104314	61	1	1	1	33.5916	107	103
1104949	1104949	65	2	1	1	27.7081	99.5	92.4
1107814	1107814	62	1	1	1	26.779	80	97
1107892	1107892	69	2	1	1	31.1003	104	105
1110786	1110786	63	2	1	1	30.4532	110	110
1114246	1114246	62	2	1	1	34.2415	114	112
1117480	1117480	61	2	1	1	42.1335	140	129
1119399	1119399	63	1	1	1	42.0205	120	135
1120793	1120793	52	1	1	1	32.7313	97	114
1121382	1121382	60	1	1	1	22.2599	71	96
1125444	1125444	59	2	1	1	20.2797	80	84
1127392	1127392	65	2	1	1	25.3745	91	94
1130763	1130763	64	2	1	1	32.509	111	102
1138608	1138608	67	1	1	1	39.0807	117	136
1140720	1140720	69	1	1	1	31.7226	88	96
1142626	1142626	51	2	1	1	34.0571	111	116
1149572	1149572	65	1	1	1	27.8921	91	104
1151694	1151694	62	1	1	1	37.04	101	114
1155011	1155011	64	2	1	1	32.037	109	115
1160413	1160413	45	2	1	1	26.4626	94	102
1164977	1164977	41	2	1	1	51.6304	149	147
1166118	1166118	54	2	1	1	24.5975	88	90
1167507	1167507	65	2	1	1	22.742	84	90
1168506	1168506	53	1	1	1	32.9879	110	117
1179290	1179290	68	1	1	1	35.4222	112	103
1181076	1181076	65	1	1	1	28.4429	88	107
1193013	1193013	68	1	1	1	31.2175	99	107
1197022	1197022	50	1	1	1	37.8228	117	127
1199017	1199017	48	1	1	1	29.6827	96	102
1199506	1199506	65	2	1	1	29.6034	101	102
1201695	1201695	52	2	1	1	44.3182	127	138
1202078	1202078	59	1	1	1	35.1562	94	96
1203344	1203344	50	2	1	1	30.4631	105	112
1207721	1207721	66	1	1	1	32.1796	102	108
1207954	1207954	63	2	1	1	34.4742	116	110
1218093	1218093	65	1	1	1	34.1375	98	115
1222511	1222511	45	1	1	1	44.1406	122	127
1223533	1223533	64	1	1	1	26.9983	100	102
1226068	1226068	62	2	1	1	46.8158	145	124
1229388	1229388	66	2	1	1	24.1762	103	103
1231819	1231819	65	1	1	1	35.5701	100	113
1236999	1236999	69	1	1	1	34.6693	111	117
1238981	1238981	68	2	1	1	28.2782	100	102
1241243	1241243	61	1	1	1	31.935	94	104
1254304	1254304	57	2	1	1	36.0632	124	119
1256711	1256711	44	2	1	1	27.0853	91	103
1257818	1257818	45	1	1	1	40.1463	112	121
1262603	1262603	67	2	1	1	27.0357	100	105
1271758	1271758	61	1	1	1	46.6803	125	140
1287549	1287549	67	2	1	1	20.9517	86	90
1291093	1291093	57	1	1	1	29.0667	96	105
1000035	1000035	63	2	0	0	26.1551	94	102
1000078	1000078	52	1	0	0	26.396	80	109
1000198	1000198	41	1	0	0	34.5247	101	115
1000210	1000210	66	2	0	0	28.2402	104	110
1000236	1000236	61	2	0	0	29.4934	108	110
1000291	1000291	62	2	0	0	26.449	95	100
1000340	1000340	54	1	0	0	21.4628	66	94
1000357	1000357	69	1	0	0	26.4024	81	95
1000421	1000421	64	1	0	0	26.5839	89	103
1000494	1000494	61	2	0	0	28.1737	104	107
1000611	1000611	56	1	0	0	42.4555	118	138
1000625	1000625	60	1	0	0	23.8384	86	104
1000642	1000642	50	1	0	0	23.2407	71	101
1000674	1000674	41	2	0	0	22.7099	92	98
1000683	1000683	65	2	0	0	33.4622	106	105
1000752	1000752	53	1	0	0	26.6413	89	103.6
1000875	1000875	59	2	0	0	31.1138	102	107
1000889	1000889	55	1	0	0	22.6562	71	98
1000893	1000893	65	1	0	0	26.5021	90	102
1000988	1000988	65	1	0	0	22.2321	71	95
1001076	1001076	69	2	0	0	36.263	123	120
1001080	1001080	62	1	0	0	24.2347	75	99
1001118	1001118	58	1	0	0	25.2342	80	98
1001123	1001123	62	1	0	0	25.1559	78	106
1001207	1001207	65	1	0	0	25.7443	84	97
1001254	1001254	42	1	0	0	23.6294	74	98
1001281	1001281	54	1	0	0	25.171	88	101
1001327	1001327	68	2	0	0	23.3241	87	98
1001351	1001351	54	1	0	0	24.0172	76	87
1001384	1001384	61	1	0	0	26.1892	95	99
1001395	1001395	59	1	0	0	30.2999	86	115
1001414	1001414	49	1	0	0	31.2664	101	114
1001420	1001420	45	1	0	0	29.3803	90	99
1001577	1001577	61	2	0	0	29.2734	94	99
1001603	1001603	51	1	0	0	34.4897	95	121
1001669	1001669	62	1	0	0	31.7663	95	109
1001672	1001672	55	2	0	0	29.0548	105	102
1001717	1001717	56	2	0	0	24.6296	93	100
1001726	1001726	47	1	0	0	23.088	75	102
1001775	1001775	61	1	0	0	31.4784	96	116
1001789	1001789	45	2	0	0	28.8017	88	100
1001811	1001811	60	1	0	0	24.6094	82	96
1001842	1001842	52	1	0	0	26.8441	79	101
1001860	1001860	63	1	0	0	27.0721	96	107
1001883	1001883	63	1	0	0	26.1427	88	102
1001897	1001897	61	2	0	0	27.674	100	102
1001905	1001905	62	2	0	0	24.755	99	103
1001970	1001970	60	1	0	0	27.5701	82	102
1001998	1001998	60	2	0	0	30.8069	108	111
1002018	1002018	59	2	0	0	24.9064	86	102
1002023	1002023	60	2	0	0	22.3317	82	95
1002040	1002040	65	1	0	0	30.5575	88	110
1002085	1002085	45	1	0	0	24.7249	83	95
1002180	1002180	59	1	0	0	23.6244	74.2	96.8
1002230	1002230	44	2	0	0	29.6048	101	108
1002251	1002251	58	1	0	0	21.121	63	93
1002284	1002284	57	2	0	0	21.4697	89	98
1002346	1002346	49	1	0	0	22.3214	77	98
1002503	1002503	59	1	0	0	31.6443	92	112
1002548	1002548	62	2	0	0	27.1739	96	103
1002591	1002591	57	1	0	0	27.9649	81	100
1002615	1002615	56	1	0	0	22.6562	71	93
1002639	1002639	61	1	0	0	25.8383	80	106
1002677	1002677	54	1	0	0	21.708	73	90
1002682	1002682	68	1	0	0	24.1389	75	97
1002741	1002741	51	1	0	0	23.8918	76	93
1002820	1002820	54	1	0	0	22.5	72	101
1002859	1002859	61	2	0	0	24.4748	89	99
1002944	1002944	65	2	0	0	26.2987	96	105
1003009	1003009	55	1	0	0	25.1488	88	103
1003011	1003011	47	2	0	0	33.0776	110	112
1003038	1003038	65	2	0	0	26.4013	86	97
1003042	1003042	62	1	0	0	28.2994	88	98
1003200	1003200	58	1	0	0	30.3665	93	113
1003226	1003226	45	1	0	0	28.4801	93	105
1003258	1003258	69	2	0	0	30.4709	97	104
1003261	1003261	62	2	0	0	22.2753	79	97
1003320	1003320	51	1	0	0	20.7157	76	98
1003479	1003479	53	1	0	0	23.3784	82	99
1003512	1003512	48	2	0	0	31.2171	108	106
1003537	1003537	58	1	0	0	26.3679	78	102
1003564	1003564	56	1	0	0	15.1644	60	79
1003628	1003628	55	1	0	0	25.6055	79	105
1003634	1003634	42	1	0	0	29.6068	79	105
1003676	1003676	49	1	0	0	25.1479	80	98
1003680	1003680	43	2	0	0	26.056	84	102
1003703	1003703	54	1	0	0	24.8828	80	101
1003835	1003835	65	1	0	0	28.8866	84	105
1003863	1003863	62	2	0	0	26.0425	93	102
1003881	1003881	61	1	0	0	22.7229	68	97
